0 hermite_formula_-0.001000_0.001000,"Average Error","Error LB","Error UB","Abs. Worst"
10 hermite_formula_-0.001000_0.001000,0.0000000226,-0.0000000455,0.0000000475,0.0000000475
11 hermite_formula_-0.001000_0.001000,0.0000000207,-0.0000000451,0.0000000404,0.0000000451
12 hermite_formula_-0.001000_0.001000,0.0000000142,-0.0000000302,0.0000000297,0.0000000302
13 hermite_formula_-0.001000_0.001000,0.0000000209,-0.0000000482,0.0000000481,0.0000000482
14 hermite_formula_-0.001000_0.001000,0.0000000270,-0.0000000570,0.0000000568,0.0000000570
15 hermite_formula_-0.001000_0.001000,0.0000000189,-0.0000000522,0.0000000494,0.0000000522
16 hermite_formula_-0.001000_0.001000,0.0000000243,-0.0000000466,0.0000000470,0.0000000470
17 hermite_formula_-0.001000_0.001000,0.0000000222,-0.0000000527,0.0000000575,0.0000000575
18 hermite_formula_-0.001000_0.001000,0.0000000122,-0.0000000315,0.0000000281,0.0000000315
1 hermite_formula_-0.001000_0.001000,0.0000000000,0.0000000000,0.0000000000,0.0000000000
19 hermite_formula_-0.001000_0.001000,0.0000000155,-0.0000000360,0.0000000351,0.0000000360
2 hermite_formula_-0.001000_0.001000,0.0000000000,0.0000000000,0.0000000000,0.0000000000
3 hermite_formula_-0.001000_0.001000,0.0000000242,-0.0000000462,0.0000000550,0.0000000550
4 hermite_formula_-0.001000_0.001000,0.0000000173,-0.0000000317,0.0000000295,0.0000000317
5 hermite_formula_-0.001000_0.001000,0.0000000211,-0.0000000476,0.0000000556,0.0000000556
6 hermite_formula_-0.001000_0.001000,0.0000000218,-0.0000000396,0.0000000389,0.0000000396
7 hermite_formula_-0.001000_0.001000,0.0000000235,-0.0000000546,0.0000000486,0.0000000546
8 hermite_formula_-0.001000_0.001000,0.0000000153,-0.0000000295,0.0000000297,0.0000000297
9 hermite_formula_-0.001000_0.001000,0.0000000241,-0.0000000531,0.0000000577,0.0000000577
,0.0000000289,-0.0000000578,0.0000000567,0.0000000578
0 hermite_formula_-0.001000_0.001000,"Average Error","Error LB","Error UB","Abs. Worst"
10 hermite_formula_-0.001000_0.001000,0.0000000226,-0.0000000455,0.0000000475,0.0000000475
11 hermite_formula_-0.001000_0.001000,0.0000000207,-0.0000000451,0.0000000404,0.0000000451
12 hermite_formula_-0.001000_0.001000,0.0000000142,-0.0000000302,0.0000000297,0.0000000302
13 hermite_formula_-0.001000_0.001000,0.0000000209,-0.0000000482,0.0000000481,0.0000000482
14 hermite_formula_-0.001000_0.001000,0.0000000270,-0.0000000570,0.0000000568,0.0000000570
15 hermite_formula_-0.001000_0.001000,0.0000000189,-0.0000000522,0.0000000494,0.0000000522
16 hermite_formula_-0.001000_0.001000,0.0000000243,-0.0000000466,0.0000000470,0.0000000470
17 hermite_formula_-0.001000_0.001000,0.0000000222,-0.0000000527,0.0000000575,0.0000000575
18 hermite_formula_-0.001000_0.001000,0.0000000122,-0.0000000315,0.0000000281,0.0000000315
1 hermite_formula_-0.001000_0.001000,0.0000000000,0.0000000000,0.0000000000,0.0000000000
19 hermite_formula_-0.001000_0.001000,0.0000000155,-0.0000000360,0.0000000351,0.0000000360
2 hermite_formula_-0.001000_0.001000,0.0000000000,0.0000000000,0.0000000000,0.0000000000
3 hermite_formula_-0.001000_0.001000,0.0000000242,-0.0000000462,0.0000000550,0.0000000550
4 hermite_formula_-0.001000_0.001000,0.0000000173,-0.0000000317,0.0000000295,0.0000000317
5 hermite_formula_-0.001000_0.001000,0.0000000211,-0.0000000476,0.0000000556,0.0000000556
6 hermite_formula_-0.001000_0.001000,0.0000000218,-0.0000000396,0.0000000389,0.0000000396
7 hermite_formula_-0.001000_0.001000,0.0000000235,-0.0000000546,0.0000000486,0.0000000546
8 hermite_formula_-0.001000_0.001000,0.0000000153,-0.0000000295,0.0000000297,0.0000000297
9 hermite_formula_-0.001000_0.001000,0.0000000241,-0.0000000531,0.0000000577,0.0000000577
,0.0000000289,-0.0000000578,0.0000000567,0.0000000578
0 hermite_formula_-0.010000_0.010000,"Average Error","Error LB","Error UB","Abs. Worst"
10 hermite_formula_-0.010000_0.010000,0.0000000214,-0.0000000550,0.0000000471,0.0000000550
11 hermite_formula_-0.010000_0.010000,0.0000000212,-0.0000000383,0.0000000468,0.0000000468
12 hermite_formula_-0.010000_0.010000,0.0000000133,-0.0000000303,0.0000000299,0.0000000303
13 hermite_formula_-0.010000_0.010000,0.0000000205,-0.0000000484,0.0000000375,0.0000000484
14 hermite_formula_-0.010000_0.010000,0.0000000302,-0.0000000553,0.0000000551,0.0000000553
15 hermite_formula_-0.010000_0.010000,0.0000000244,-0.0000000572,0.0000000521,0.0000000572
16 hermite_formula_-0.010000_0.010000,0.0000000275,-0.0000000440,0.0000000465,0.0000000465
17 hermite_formula_-0.010000_0.010000,0.0000000230,-0.0000000540,0.0000000463,0.0000000540
18 hermite_formula_-0.010000_0.010000,0.0000000174,-0.0000000319,0.0000000320,0.0000000320
1 hermite_formula_-0.010000_0.010000,0.0000000000,0.0000000000,0.0000000000,0.0000000000
19 hermite_formula_-0.010000_0.010000,0.0000000178,-0.0000000339,0.0000000363,0.0000000363
2 hermite_formula_-0.010000_0.010000,0.0000000000,0.0000000000,0.0000000000,0.0000000000
3 hermite_formula_-0.010000_0.010000,0.0000000214,-0.0000000576,0.0000000369,0.0000000576
4 hermite_formula_-0.010000_0.010000,0.0000000153,-0.0000000317,0.0000000281,0.0000000317
5 hermite_formula_-0.010000_0.010000,0.0000000210,-0.0000000484,0.0000000446,0.0000000484
6 hermite_formula_-0.010000_0.010000,0.0000000206,-0.0000000376,0.0000000393,0.0000000393
7 hermite_formula_-0.010000_0.010000,0.0000000205,-0.0000000516,0.0000000524,0.0000000524
8 hermite_formula_-0.010000_0.010000,0.0000000138,-0.0000000293,0.0000000287,0.0000000293
9 hermite_formula_-0.010000_0.010000,0.0000000205,-0.0000000404,0.0000000489,0.0000000489
,0.0000000288,-0.0000000577,0.0000000567,0.0000000577
0 hermite_formula_-0.100000_0.100000,"Average Error","Error LB","Error UB","Abs. Worst"
10 hermite_formula_-0.100000_0.100000,0.0000000235,-0.0000000549,0.0000000507,0.0000000549
11 hermite_formula_-0.100000_0.100000,0.0000000265,-0.0000000548,0.0000000534,0.0000000548
12 hermite_formula_-0.100000_0.100000,0.0000000156,-0.0000000331,0.0000000317,0.0000000331
13 hermite_formula_-0.100000_0.100000,0.0000000235,-0.0000000410,0.0000000539,0.0000000539
14 hermite_formula_-0.100000_0.100000,0.0000000220,-0.0000000551,0.0000000543,0.0000000551
15 hermite_formula_-0.100000_0.100000,0.0000000225,-0.0000000446,0.0000000451,0.0000000451
16 hermite_formula_-0.100000_0.100000,0.0000000251,-0.0000000511,0.0000000501,0.0000000511
17 hermite_formula_-0.100000_0.100000,0.0000000197,-0.0000000414,0.0000000485,0.0000000485
18 hermite_formula_-0.100000_0.100000,0.0000000167,-0.0000000334,0.0000000352,0.0000000352
1 hermite_formula_-0.100000_0.100000,0.0000000000,0.0000000000,0.0000000000,0.0000000000
19 hermite_formula_-0.100000_0.100000,0.0000000186,-0.0000000377,0.0000000377,0.0000000377
2 hermite_formula_-0.100000_0.100000,0.0000000000,0.0000000000,0.0000000000,0.0000000000
3 hermite_formula_-0.100000_0.100000,0.0000000230,-0.0000000536,0.0000000533,0.0000000536
4 hermite_formula_-0.100000_0.100000,0.0000000163,-0.0000000291,0.0000000315,0.0000000315
5 hermite_formula_-0.100000_0.100000,0.0000000206,-0.0000000449,0.0000000572,0.0000000572
6 hermite_formula_-0.100000_0.100000,0.0000000194,-0.0000000385,0.0000000390,0.0000000390
7 hermite_formula_-0.100000_0.100000,0.0000000236,-0.0000000513,0.0000000490,0.0000000513
8 hermite_formula_-0.100000_0.100000,0.0000000147,-0.0000000296,0.0000000301,0.0000000301
9 hermite_formula_-0.100000_0.100000,0.0000000215,-0.0000000421,0.0000000452,0.0000000452
,0.0000000182,-0.0000000500,0.0000000512,0.0000000512
0 laguerre_formula_-0.001000_0.001000,"Average Error","Error LB","Error UB","Abs. Worst"
10 laguerre_formula_-0.001000_0.001000,0.0000000269,-0.0000000556,0.0000000578,0.0000000578
11 laguerre_formula_-0.001000_0.001000,0.0000000229,-0.0000000578,0.0000000513,0.0000000578
12 laguerre_formula_-0.001000_0.001000,0.0000000248,-0.0000000588,0.0000000593,0.0000000593
13 laguerre_formula_-0.001000_0.001000,0.0000000270,-0.0000000586,0.0000000589,0.0000000589
14 laguerre_formula_-0.001000_0.001000,0.0000000266,-0.0000000575,0.0000000561,0.0000000575
15 laguerre_formula_-0.001000_0.001000,0.0000000264,-0.0000000586,0.0000000578,0.0000000586
16 laguerre_formula_-0.001000_0.001000,0.0000000260,-0.0000000581,0.0000000539,0.0000000581
17 laguerre_formula_-0.001000_0.001000,0.0000000234,-0.0000000574,0.0000000540,0.0000000574
18 laguerre_formula_-0.001000_0.001000,0.0000000236,-0.0000000590,0.0000000572,0.0000000590
1 laguerre_formula_-0.001000_0.001000,0.0000000000,0.0000000000,0.0000000000,0.0000000000
19 laguerre_formula_-0.001000_0.001000,0.0000000241,-0.0000000474,0.0000000592,0.0000000592
2 laguerre_formula_-0.001000_0.001000,0.0000000000,0.0000000000,0.0000000000,0.0000000000
3 laguerre_formula_-0.001000_0.001000,0.0000000244,-0.0000000525,0.0000000572,0.0000000572
4 laguerre_formula_-0.001000_0.001000,0.0000000252,-0.0000000576,0.0000000589,0.0000000589
5 laguerre_formula_-0.001000_0.001000,0.0000000266,-0.0000000592,0.0000000591,0.0000000592
6 laguerre_formula_-0.001000_0.001000,0.0000000279,-0.0000000590,0.0000000575,0.0000000590
7 laguerre_formula_-0.001000_0.001000,0.0000000243,-0.0000000591,0.0000000585,0.0000000591
8 laguerre_formula_-0.001000_0.001000,0.0000000262,-0.0000000442,0.0000000579,0.0000000579
9 laguerre_formula_-0.001000_0.001000,0.0000000235,-0.0000000585,0.0000000581,0.0000000585
,0.0000000253,-0.0000000571,0.0000000570,0.0000000571
0 laguerre_formula_-0.010000_0.010000,"Average Error","Error LB","Error UB","Abs. Worst"
10 laguerre_formula_-0.010000_0.010000,0.0000000261,-0.0000000477,0.0000000576,0.0000000576
11 laguerre_formula_-0.010000_0.010000,0.0000000284,-0.0000000503,0.0000000549,0.0000000549
12 laguerre_formula_-0.010000_0.010000,0.0000000244,-0.0000000523,0.0000000550,0.0000000550
13 laguerre_formula_-0.010000_0.010000,0.0000000225,-0.0000000470,0.0000000514,0.0000000514
14 laguerre_formula_-0.010000_0.010000,0.0000000244,-0.0000000541,0.0000000556,0.0000000556
15 laguerre_formula_-0.010000_0.010000,0.0000000256,-0.0000000518,0.0000000554,0.0000000554
16 laguerre_formula_-0.010000_0.010000,0.0000000262,-0.0000000569,0.0000000549,0.0000000569
17 laguerre_formula_-0.010000_0.010000,0.0000000258,-0.0000000548,0.0000000589,0.0000000589
18 laguerre_formula_-0.010000_0.010000,0.0000000246,-0.0000000530,0.0000000540,0.0000000540
1 laguerre_formula_-0.010000_0.010000,0.0000000000,0.0000000000,0.0000000000,0.0000000000
19 laguerre_formula_-0.010000_0.010000,0.0000000281,-0.0000000564,0.0000000530,0.0000000564
2 laguerre_formula_-0.010000_0.010000,0.0000000000,0.0000000000,0.0000000000,0.0000000000
3 laguerre_formula_-0.010000_0.010000,0.0000000245,-0.0000000574,0.0000000569,0.0000000574
4 laguerre_formula_-0.010000_0.010000,0.0000000256,-0.0000000570,0.0000000573,0.0000000573
5 laguerre_formula_-0.010000_0.010000,0.0000000226,-0.0000000580,0.0000000522,0.0000000580
6 laguerre_formula_-0.010000_0.010000,0.0000000252,-0.0000000580,0.0000000565,0.0000000580
7 laguerre_formula_-0.010000_0.010000,0.0000000231,-0.0000000540,0.0000000584,0.0000000584
8 laguerre_formula_-0.010000_0.010000,0.0000000253,-0.0000000559,0.0000000512,0.0000000559
9 laguerre_formula_-0.010000_0.010000,0.0000000234,-0.0000000550,0.0000000556,0.0000000556
,0.0000000238,-0.0000000534,0.0000000534,0.0000000534
0 laguerre_formula_-0.100000_0.100000,"Average Error","Error LB","Error UB","Abs. Worst"
10 laguerre_formula_-0.100000_0.100000,0.0000000225,-0.0000000501,0.0000000567,0.0000000567
11 laguerre_formula_-0.100000_0.100000,0.0000000233,-0.0000000574,0.0000000455,0.0000000574
12 laguerre_formula_-0.100000_0.100000,0.0000000220,-0.0000000494,0.0000000472,0.0000000494
13 laguerre_formula_-0.100000_0.100000,0.0000000229,-0.0000000435,0.0000000507,0.0000000507
14 laguerre_formula_-0.100000_0.100000,0.0000000263,-0.0000000577,0.0000000514,0.0000000577
15 laguerre_formula_-0.100000_0.100000,0.0000000222,-0.0000000537,0.0000000445,0.0000000537
16 laguerre_formula_-0.100000_0.100000,0.0000000217,-0.0000000439,0.0000000539,0.0000000539
17 laguerre_formula_-0.100000_0.100000,0.0000000219,-0.0000000563,0.0000000583,0.0000000583
18 laguerre_formula_-0.100000_0.100000,0.0000000184,-0.0000000571,0.0000000411,0.0000000571
1 laguerre_formula_-0.100000_0.100000,0.0000000000,0.0000000000,0.0000000000,0.0000000000
19 laguerre_formula_-0.100000_0.100000,0.0000000204,-0.0000000436,0.0000000349,0.0000000436
2 laguerre_formula_-0.100000_0.100000,0.0000000000,0.0000000000,0.0000000000,0.0000000000
3 laguerre_formula_-0.100000_0.100000,0.0000000202,-0.0000000464,0.0000000518,0.0000000518
4 laguerre_formula_-0.100000_0.100000,0.0000000225,-0.0000000490,0.0000000468,0.0000000490
5 laguerre_formula_-0.100000_0.100000,0.0000000221,-0.0000000474,0.0000000457,0.0000000474
6 laguerre_formula_-0.100000_0.100000,0.0000000214,-0.0000000444,0.0000000543,0.0000000543
7 laguerre_formula_-0.100000_0.100000,0.0000000215,-0.0000000487,0.0000000547,0.0000000547
8 laguerre_formula_-0.100000_0.100000,0.0000000249,-0.0000000527,0.0000000547,0.0000000547
9 laguerre_formula_-0.100000_0.100000,0.0000000195,-0.0000000439,0.0000000546,0.0000000546
,0.0000000226,-0.0000000517,0.0000000432,0.0000000517
0 legendre_formula_-0.001000_0.001000,"Average Error","Error LB","Error UB","Abs. Worst"
10 legendre_formula_-0.001000_0.001000,0.0000000223,-0.0000000533,0.0000000496,0.0000000533
11 legendre_formula_-0.001000_0.001000,0.0000000216,-0.0000000463,0.0000000486,0.0000000486
12 legendre_formula_-0.001000_0.001000,0.0000000191,-0.0000000374,0.0000000374,0.0000000374
13 legendre_formula_-0.001000_0.001000,0.0000000230,-0.0000000512,0.0000000504,0.0000000512
14 legendre_formula_-0.001000_0.001000,0.0000000182,-0.0000000340,0.0000000350,0.0000000350
15 legendre_formula_-0.001000_0.001000,0.0000000224,-0.0000000485,0.0000000588,0.0000000588
16 legendre_formula_-0.001000_0.001000,0.0000000172,-0.0000000330,0.0000000275,0.0000000330
17 legendre_formula_-0.001000_0.001000,0.0000000244,-0.0000000475,0.0000000518,0.0000000518
18 legendre_formula_-0.001000_0.001000,0.0000000158,-0.0000000300,0.0000000298,0.0000000300
1 legendre_formula_-0.001000_0.001000,0.0000000000,0.0000000000,0.0000000000,0.0000000000
19 legendre_formula_-0.001000_0.001000,0.0000000260,-0.0000000530,0.0000000535,0.0000000535
2 legendre_formula_-0.001000_0.001000,0.0000000000,0.0000000000,0.0000000000,0.0000000000
3 legendre_formula_-0.001000_0.001000,0.0000000217,-0.0000000568,0.0000000490,0.0000000568
4 legendre_formula_-0.001000_0.001000,0.0000000230,-0.0000000477,0.0000000469,0.0000000477
5 legendre_formula_-0.001000_0.001000,0.0000000202,-0.0000000535,0.0000000421,0.0000000535
6 legendre_formula_-0.001000_0.001000,0.0000000158,-0.0000000335,0.0000000395,0.0000000395
7 legendre_formula_-0.001000_0.001000,0.0000000246,-0.0000000527,0.0000000454,0.0000000527
8 legendre_formula_-0.001000_0.001000,0.0000000164,-0.0000000292,0.0000000297,0.0000000297
9 legendre_formula_-0.001000_0.001000,0.0000000222,-0.0000000475,0.0000000477,0.0000000477
,0.0000000213,-0.0000000400,0.0000000385,0.0000000400
0 legendre_formula_-0.010000_0.010000,"Average Error","Error LB","Error UB","Abs. Worst"
10 legendre_formula_-0.010000_0.010000,0.0000000224,-0.0000000516,0.0000000447,0.0000000516
11 legendre_formula_-0.010000_0.010000,0.0000000201,-0.0000000524,0.0000000468,0.0000000524
12 legendre_formula_-0.010000_0.010000,0.0000000196,-0.0000000382,0.0000000378,0.0000000382
13 legendre_formula_-0.010000_0.010000,0.0000000186,-0.0000000367,0.0000000414,0.0000000414
14 legendre_formula_-0.010000_0.010000,0.0000000175,-0.0000000356,0.0000000356,0.0000000356
15 legendre_formula_-0.010000_0.010000,0.0000000207,-0.0000000408,0.0000000572,0.0000000572
16 legendre_formula_-0.010000_0.010000,0.0000000176,-0.0000000303,0.0000000303,0.0000000303
17 legendre_formula_-0.010000_0.010000,0.0000000232,-0.0000000484,0.0000000531,0.0000000531
18 legendre_formula_-0.010000_0.010000,0.0000000136,-0.0000000294,0.0000000294,0.0000000294
1 legendre_formula_-0.010000_0.010000,0.0000000000,0.0000000000,0.0000000000,0.0000000000
19 legendre_formula_-0.010000_0.010000,0.0000000284,-0.0000000537,0.0000000542,0.0000000542
2 legendre_formula_-0.010000_0.010000,0.0000000000,0.0000000000,0.0000000000,0.0000000000
3 legendre_formula_-0.010000_0.010000,0.0000000210,-0.0000000525,0.0000000504,0.0000000525
4 legendre_formula_-0.010000_0.010000,0.0000000223,-0.0000000462,0.0000000448,0.0000000462
5 legendre_formula_-0.010000_0.010000,0.0000000232,-0.0000000451,0.0000000464,0.0000000464
6 legendre_formula_-0.010000_0.010000,0.0000000183,-0.0000000397,0.0000000366,0.0000000397
7 legendre_formula_-0.010000_0.010000,0.0000000198,-0.0000000550,0.0000000434,0.0000000550
8 legendre_formula_-0.010000_0.010000,0.0000000155,-0.0000000295,0.0000000275,0.0000000295
9 legendre_formula_-0.010000_0.010000,0.0000000197,-0.0000000549,0.0000000430,0.0000000549
,0.0000000207,-0.0000000386,0.0000000402,0.0000000402
0 legendre_formula_-0.100000_0.100000,"Average Error","Error LB","Error UB","Abs. Worst"
10 legendre_formula_-0.100000_0.100000,0.0000000200,-0.0000000445,0.0000000462,0.0000000462
11 legendre_formula_-0.100000_0.100000,0.0000000221,-0.0000000586,0.0000000493,0.0000000586
12 legendre_formula_-0.100000_0.100000,0.0000000220,-0.0000000527,0.0000000471,0.0000000527
13 legendre_formula_-0.100000_0.100000,0.0000000224,-0.0000000510,0.0000000370,0.0000000510
14 legendre_formula_-0.100000_0.100000,0.0000000210,-0.0000000338,0.0000000440,0.0000000440
15 legendre_formula_-0.100000_0.100000,0.0000000225,-0.0000000461,0.0000000441,0.0000000461
16 legendre_formula_-0.100000_0.100000,0.0000000167,-0.0000000352,0.0000000408,0.0000000408
17 legendre_formula_-0.100000_0.100000,0.0000000205,-0.0000000480,0.0000000412,0.0000000480
18 legendre_formula_-0.100000_0.100000,0.0000000160,-0.0000000384,0.0000000547,0.0000000547
1 legendre_formula_-0.100000_0.100000,0.0000000000,0.0000000000,0.0000000000,0.0000000000
19 legendre_formula_-0.100000_0.100000,0.0000000227,-0.0000000490,0.0000000515,0.0000000515
2 legendre_formula_-0.100000_0.100000,0.0000000000,0.0000000000,0.0000000000,0.0000000000
3 legendre_formula_-0.100000_0.100000,0.0000000256,-0.0000000448,0.0000000429,0.0000000448
4 legendre_formula_-0.100000_0.100000,0.0000000259,-0.0000000509,0.0000000544,0.0000000544
5 legendre_formula_-0.100000_0.100000,0.0000000169,-0.0000000449,0.0000000569,0.0000000569
6 legendre_formula_-0.100000_0.100000,0.0000000223,-0.0000000409,0.0000000411,0.0000000411
7 legendre_formula_-0.100000_0.100000,0.0000000208,-0.0000000452,0.0000000535,0.0000000535
8 legendre_formula_-0.100000_0.100000,0.0000000125,-0.0000000274,0.0000000293,0.0000000293
9 legendre_formula_-0.100000_0.100000,0.0000000216,-0.0000000417,0.0000000519,0.0000000519
,0.0000000227,-0.0000000451,0.0000000481,0.0000000481
